Name: Apostolos Zarras
AFM: 130456093
Income: 22570.0
BasicTax: -141.70499999999998
TaxIncrease: -11.3364
TotalTax: -153.04139999999998
Receipts: 4
Entertainment: 1
Basic: 1
Travel: 0
Health: 1
Other: 1
