Name: Apostolos Zarras
AFM: 130456093
Income: 22570.0
BasicTax: -141.70499999999998
TaxIncrease: 21.25575
TotalTax: -120.44924999999998
Receipts: 5
Entertainment: 1
Basic: 2
Travel: 0
Health: 1
Other: 1
